0 99 145 521 325 
1 146 174 414 308 
2 139 175 427 307 
3 145 182 417 308 
4 141 181 426 308 
5 147 180 415 306 
6 140 183 428 305 
7 143 181 420 307 
8 142 182 423 306 
9 146 184 416 304 
10 141 187 424 300 
11 139 189 392 293 
12 142 188 381 294 
13 143 188 369 294 
14 141 185 366 293 
15 143 187 350 292 
16 140 189 344 289 
17 143 190 340 290 
18 146 192 335 288 
19 149 193 338 285 
20 155 198 324 279 
21 152 198 325 281 
22 156 201 319 275 
23 154 198 326 280 
24 150 202 330 277 
25 155 200 323 280 
26 155 202 321 278 
27 157 202 319 277 
28 156 201 323 279 
29 163 202 315 278 
30 170 200 313 280 
31 166 199 330 283 
32 184 196 344 285 
33 193 192 349 288 
34 199 192 362 289 
35 212 190 377 294 
36 228 189 376 295 
37 229 192 378 291 
38 227 187 383 296 
39 231 189 378 292 
40 229 188 379 295 
41 230 186 376 294 
42 230 185 375 298 
43 226 184 378 301 
44 220 183 375 308 
45 214 183 374 302 
46 209 184 345 296 
47 190 186 357 296 
48 173 194 364 286 
49 172 204 326 268 
50 161 201 329 277 
51 145 201 327 278 
52 140 209 331 270 
53 136 214 337 264 
54 135 216 335 262 
55 131 215 341 259 
56 138 209 332 270 
57 142 207 328 273 
58 149 200 324 281 
59 158 202 323 277 
60 166 200 316 277 
61 173 198 321 276 
62 158 190 386 288 
63 169 187 374 295 
64 183 184 365 297 
65 182 182 372 299 
66 184 184 371 295 
67 187 184 365 295 
68 186 183 368 295 
69 182 184 371 291 
70 188 185 364 291 
71 184 183 370 292 
72 188 184 364 295 
73 187 183 368 298 
74 183 179 374 298 
75 183 181 374 298 
76 188 183 365 294 
77 187 183 368 297 
78 186 183 367 299 
79 185 185 369 292 
80 183 184 373 298 
81 185 185 367 297 
82 184 183 370 294 
83 183 183 376 295 
84 187 182 366 295 
85 184 185 370 294 
86 182 184 372 294 
87 183 184 371 296 
88 190 186 360 293 
89 183 185 370 297 
90 184 185 369 293 
91 186 182 367 297 
92 188 185 364 293 
93 178 180 385 300 
94 160 174 415 306 
95 148 171 433 308 
96 142 171 448 308 
97 142 169 452 309 
98 132 169 460 310 
99 134 159 452 318 
100 122 141 469 330 
101 117 140 479 331 
102 122 142 482 330 
103 118 145 503 322 
104 115 138 516 335 
105 113 136 525 338 
106 111 136 537 339 
107 116 137 526 334 
108 110 134 540 342 
109 104 137 548 337 
110 122 132 520 343 
111 122 129 520 345 
112 124 130 516 344 
113 128 126 509 348 
114 124 128 518 345 
115 131 127 503 348 
116 129 128 506 344 
117 132 128 500 349 
118 130 123 504 354 
119 127 127 511 350 
